95
94
94
94
94
94
94
93
93
93
93
93
93
94
94
94
93
93
93
92
92
92
91
90
89
87
87
86
84
83
81
81
80
79
80
80
80
80
80
80
80
79
78
78
77
77
77
77
78
78
78
78
79
79
79
79
79
79
79
79
80
81
81
82
84
85
88
88
89
88
88
88
87
87
87
86
85
85
85
85
85
85
85
84
84
83
81
81
80
80
79
80
80
80
79
79
79
79
78
78
78
78
78
78
79
79
79
79
78
78
77
77
77
77
78
78
78
79
80
80
81
81
82
82
83
85
85
86
87
87
89
89
89
89
89
86
83
83
82
82
82
82
81
81
80
79
79
78
78
78
78
78
78
79
79
80
83
82
83
84
84
82
82
82
82
82
83
83
83
83
82
81
79
79
78
78
78
78
78
79
79
79
79
80
82
82
84
85
85
84
84
84
82
80
80
80
79
79
77
77
77
76
75
76
76
76
76
76
76
76
76
75
75
75
74
74
75
75
76
76
77
77
78
78
77
76
75
74
74
75
76
78
78
78
79
78
77
77
77
77
77
77
78
81
81
82
80
80
80
80
80
80
81
81
81
81
81
81
81
81
80
80
79
79
78
77
77
77
77
77
78
78
78
78
78
77
77
78
78
77
76
76
76
76
77
77
77
77
76
76
76
77
78
78
78
79
79
79
78
78
78
77
77
77
77
77
77
77
77
77
77
76
76
76
77
78
78
79
78
78
78
78
78
78
79
79
79
79
81
81
81
82
82
82
81
81
80
80
80
80
80
80
79
78
78
78
79
79
79
79
79
79
79
79
79
79
80
80
80
80
80
80
80
80
79
79
78
78
78
78
78
79
79
79
79
81
81
82
84
84
83
84
84
84
83
83
83
85
87
86
86
85
85
85
84
83
81
81
81
80
79
79
79
79
78
78
79
79
79
78
78
77
76
76
76
77
77
79
79
79
80
80
80
79
78
78
78
79
80
80
80
80
79
79
78
77
77
77
77
77
78
79
79
79
80
80
81
81
81
81
81
81
81
81
82
81
81
81
82
82
83
83
83
84
84
85
85
87
87
87
89
89
89
89
89
89
89
89
89
90
90
90
91
91
91
92
91
89
89
88
88
87
88
84
84
82
81
80
80
80
80
81
81
81
82
81
81
81
80
80
80
80
79
79
78
78
78
78
80
80
81
81
81
82
83
83
83
82
82
82
82
82
82
82
82
81
81
81
81
80
80
79
79
81
81
82
85
85
86
86
86
86
86
86
85
83
83
83
85
85
85
87
87
90
90
90
90
90
89
89
89
89
89
93
91
91
95
97
97
98
99
99
99
99
99
99
99
99
99
99
99
96
93
91
89
87
84
84
83
82
81
81
80
81
81
82
84
84
