82
82
81
81
81
80
80
80
81
81
81
81
81
81
79
79
79
79
79
79
79
80
80
79
79
79
79
79
79
78
79
78
78
78
77
77
76
76
76
76
76
76
76
76
76
76
76
76
76
76
76
76
77
77
78
78
78
78
78
78
78
78
78
78
78
78
79
79
80
81
82
81
83
83
83
83
82
82
82
83
83
82
81
81
81
79
78
77
78
77
77
77
79
78
78
77
77
76
76
76
76
77
78
78
78
78
78
79
79
80
80
81
81
81
81
80
81
81
81
81
81
81
80
78
76
74
74
74
74
74
74
74
75
75
74
75
75
75
75
76
76
76
76
76
76
76
76
76
76
76
76
76
76
76
76
76
76
76
76
75
76
76
76
76
76
76
76
77
77
79
79
79
79
81
82
81
83
83
84
84
84
83
82
81
80
80
79
79
80
80
81
81
81
82
82
82
82
82
82
82
83
85
85
87
87
88
88
88
87
86
84
84
83
85
85
85
85
83
83
83
82
81
78
78
79
79
80
80
80
78
78
77
76
76
75
75
76
76
77
76
76
76
75
76
77
77
79
79
79
80
82
82
83
84
84
86
86
90
90
91
91
91
91
91
91
90
90
89
89
89
85
85
85
84
83
83
84
84
83
83
83
83
82
81
79
79
79
78
78
78
78
78
79
79
79
81
81
81
82
82
82
83
84
84
85
85
85
85
87
87
89
89
89
90
90
91
91
91
91
90
89
89
88
89
89
91
92
93
93
93
92
92
90
88
88
88
88
88
90
90
92
93
93
93
93
93
92
90
88
88
88
88
90
92
94
94
94
93
93
92
94
95
95
96
94
94
94
92
89
89
88
88
87
87
87
86
86
86
87
85
85
84
82
81
79
79
79
77
77
77
77
76
76
76
76
76
75
76
76
76
76
76
76
76
76
76
76
76
76
76
76
76
77
77
78
78
79
79
79
79
79
79
79
79
80
81
81
82
82
82
82
82
81
82
81
81
80
80
82
82
84
84
87
89
91
91
92
92
92
92
92
88
88
87
86
85
85
85
84
84
85
86
86
86
85
85
83
83
82
81
81
81
81
80
80
80
81
81
81
83
83
84
86
86
86
86
86
86
85
85
83
81
81
81
80
79
79
79
79
79
80
80
80
82
82
82
83
84
84
84
83
83
83
83
83
83
84
84
88
88
88
87
87
87
86
84
84
84
84
86
85
86
86
85
83
82
81
80
80
80
80
80
80
79
79
79
79
78
78
78
78
78
77
76
75
75
75
75
76
76
77
77
78
78
78
79
78
78
78
78
78
78
77
77
78
78
78
78
78
78
77
76
76
76
76
75
76
77
77
76
77
76
76
76
75
76
78
79
81
81
83
83
83
88
88
89
93
93
95
95
93
93
93
93
93
93
93
92
92
92
91
89
89
89
87
86
84
83
82
81
81
80
79
78
80
80
82
81
81
80
78
78
77
77
76
76
76
75
76
76
76
77
77
75
75
75
76
76
76
77
78
78
78
78
78
77
77
77
78
80
80
80
81
81
81
81
80
78
78
78
78
78
78
78
78
78
78
78
78
78
77
77
77
77
77
78
78
79
78
78
78
78
77
78
78
79
79
79
77
77
76
76
76
77
77
77
76
75
74
74
74
74
75
75
76
76
76
77
79
79
80
82
82
82
84
85
88
88
89
91
91
92
92
91
90
90
89
88
87
84
84
85
84
84
83
81
78
78
76
76
77
78
78
78
77
77
77
77
77
77
77
78
79
80
80
80
80
80
79
79
79
80
80
81
81
81
82
82
82
82
83
82
82
82
81
80
79
80
80
80
80
79
79
78
76
76
77
77
78
78
79
80
80
80
79
79
79
79
80
81
81
81
83
83
84
84
84
85
85
85
85
84
84
84
84
84
84
85
85
85
84
85
85
85
85
86
86
88
88
88
90
90
90
91
91
92
94
97
97
101
104
104
106
106
107
108
108
110
110
111
111
112
113
113
114
116
116
117
117
118
118
119
119
120
121
122
122
122
122
121
121
121
121
121
121
121
121
122
122
123
123
121
121
119
119
117
117
117
117
118
118
118
118
116
116
116
114
111
111
110
110
109
107
107
107
105
103
102
102
103
103
103
103
104
104
104
103
103
103
101
99
99
98
94
94
90
89
89
90
90
90
91
91
91
91
91
87
87
84
83
83
84
86
86
86
89
89
92
92
93
96
96
97
97
97
96
96
95
