628.90625
659.1796875
649.4140625
625.9765625
631.8359375
644.53125
656.25
665.0390625
375.0
647.4609375
341.796875
292.96875
624.0234375
607.421875
628.90625
678.7109375
668.9453125
650.390625
655.2734375
660.15625
690.4296875
689.453125
697.265625
712.890625
736.328125
772.4609375
780.2734375
807.6171875
837.890625
829.1015625
798.828125
799.8046875
798.828125
745.1171875
728.515625
747.0703125
734.375
733.3984375
746.09375
765.625
826.171875
811.5234375
785.15625
806.640625
797.8515625
792.96875
753.90625
756.8359375
749.0234375
756.8359375
745.1171875
729.4921875
749.0234375
776.3671875
776.3671875
757.8125
748.046875
750.9765625
728.515625
725.5859375
699.21875
698.2421875
698.2421875
681.640625
655.2734375
623.046875
611.328125
628.90625
636.71875
675.78125
687.5
715.8203125
702.1484375
709.9609375
705.078125
747.0703125
756.8359375
735.3515625
685.546875
696.2890625
696.2890625
726.5625
715.8203125
753.90625
776.3671875
796.875
764.6484375
789.0625
779.296875
778.3203125
748.046875
750.9765625
753.90625
777.34375
758.7890625
773.4375
785.15625
787.109375
759.765625
759.765625
764.6484375
781.25
786.1328125
736.328125
744.140625
750.9765625
774.4140625
760.7421875
791.015625
798.828125
816.40625
778.3203125
761.71875
771.484375
733.3984375
741.2109375
758.7890625
720.703125
730.46875
692.3828125
709.9609375
710.9375
720.703125
693.359375
673.828125
661.1328125
657.2265625
664.0625
656.25
639.6484375
622.0703125
616.2109375
714.84375
836.9140625
885.7421875
886.71875
821.2890625
803.7109375
789.0625
749.0234375
730.46875
756.8359375
767.578125
770.5078125
812.5
815.4296875
811.5234375
764.6484375
773.4375
791.9921875
765.625
741.2109375
760.7421875
761.71875
733.3984375
682.6171875
689.453125
665.0390625
708.0078125
719.7265625
701.171875
785.15625
756.8359375
726.5625
723.6328125
702.1484375
679.6875
714.84375
763.671875
775.390625
785.15625
803.7109375
839.84375
824.21875
813.4765625
800.78125
762.6953125
710.9375
720.703125
732.421875
783.203125
772.4609375
691.40625
687.5
642.578125
634.765625
662.109375
680.6640625
759.765625
835.9375
898.4375
901.3671875
826.171875
807.6171875
793.9453125
803.7109375
791.9921875
824.21875
830.078125
822.265625
848.6328125
849.609375
773.4375
773.4375
769.53125
788.0859375
767.578125
787.109375
791.9921875
825.1953125
828.125
810.546875
811.5234375
833.984375
823.2421875
781.25
771.484375
760.7421875
775.390625
731.4453125
721.6796875
739.2578125
785.15625
845.703125
809.5703125
862.3046875
866.2109375
804.6875
735.3515625
733.3984375
708.0078125
727.5390625
752.9296875
807.6171875
822.265625
805.6640625
786.1328125
779.296875
772.4609375
738.28125
731.4453125
709.9609375
687.5
709.9609375
767.578125
794.921875
780.2734375
747.0703125
749.0234375
736.328125
711.9140625
722.65625
744.140625
746.09375
756.8359375
719.7265625
750.0
752.9296875
789.0625
746.09375
772.4609375
810.546875
840.8203125
766.6015625
764.6484375
791.015625
790.0390625
779.296875
736.328125
738.28125
769.53125
750.0
749.0234375
788.0859375
778.3203125
757.8125
777.34375
799.8046875
819.3359375
829.1015625
807.6171875
743.1640625
750.0
751.953125
790.0390625
832.03125
819.3359375
826.171875
765.625
718.75
685.546875
713.8671875
754.8828125
707.03125
750.0
779.296875
770.5078125
796.875
809.5703125
811.5234375
763.671875
790.0390625
808.59375
788.0859375
750.0
775.390625
766.6015625
785.15625
807.6171875
827.1484375
775.390625
783.203125
755.859375
729.4921875
693.359375
727.5390625
781.25
815.4296875
772.4609375
793.9453125
779.296875
752.9296875
742.1875
733.3984375
720.703125
744.140625
755.859375
741.2109375
710.9375
710.9375
706.0546875
724.609375
709.9609375
740.234375
778.3203125
784.1796875
762.6953125
760.7421875
744.140625
746.09375
769.53125
808.59375
816.40625
738.28125
763.671875
741.2109375
735.3515625
779.296875
781.25
709.9609375
747.0703125
774.4140625
779.296875
758.7890625
708.984375
733.3984375
744.140625
731.4453125
757.8125
756.8359375
741.2109375
735.3515625
775.390625
799.8046875
803.7109375
815.4296875
815.4296875
770.5078125
741.2109375
737.3046875
753.90625
766.6015625
728.515625
711.9140625
692.3828125
669.921875
666.015625
674.8046875
719.7265625
717.7734375
708.0078125
726.5625
736.328125
718.75
703.125
654.296875
642.578125
648.4375
740.234375
748.046875
809.5703125
791.9921875
803.7109375
797.8515625
781.25
788.0859375
793.9453125
794.921875
753.90625
766.6015625
810.546875
793.9453125
769.53125
715.8203125
742.1875
796.875
794.921875
821.2890625
825.1953125
802.734375
764.6484375
758.7890625
729.4921875
688.4765625
709.9609375
737.3046875
741.2109375
749.0234375
728.515625
805.6640625
831.0546875
806.640625
752.9296875
696.2890625
712.890625
711.9140625
778.3203125
781.25
815.4296875
848.6328125
848.6328125
782.2265625
778.3203125
779.296875
756.8359375
743.1640625
746.09375
702.1484375
719.7265625
712.890625
720.703125
714.84375
732.421875
740.234375
740.234375
740.234375
752.9296875
751.953125
717.7734375
708.984375
744.140625
749.0234375
727.5390625
729.4921875
690.4296875
663.0859375
702.1484375
707.03125
714.84375
697.265625
677.734375
652.34375
663.0859375
662.109375
656.25
642.578125
634.765625
655.2734375
679.6875
679.6875
671.875
662.109375
659.1796875
666.015625
660.15625
665.0390625
652.34375
657.2265625
634.765625
616.2109375
635.7421875
666.015625
721.6796875
742.1875
702.1484375
683.59375
684.5703125
783.203125
872.0703125
896.484375
863.28125
847.65625
790.0390625
721.6796875
708.0078125
681.640625
708.984375
731.4453125
699.21875
709.9609375
750.0
753.90625
804.6875
801.7578125
751.953125
772.4609375
759.765625
774.4140625
781.25
776.3671875
794.921875
773.4375
715.8203125
695.3125
695.3125
711.9140625
728.515625
736.328125
697.265625
674.8046875
719.7265625
713.8671875
724.609375
768.5546875
704.1015625
732.421875
739.2578125
722.65625
733.3984375
744.140625
771.484375
759.765625
745.1171875
764.6484375
781.25
793.9453125
795.8984375
777.34375
727.5390625
679.6875
682.6171875
685.546875
658.203125
658.203125
672.8515625
667.96875
678.7109375
703.125
736.328125
784.1796875
761.71875
756.8359375
663.0859375
652.34375
641.6015625
637.6953125
631.8359375
591.796875
595.703125
651.3671875
687.5
715.8203125
721.6796875
687.5
634.765625
590.8203125
570.3125
561.5234375
570.3125
583.0078125
590.8203125
586.9140625
577.1484375
579.1015625
580.078125
587.890625
607.421875
607.421875
602.5390625
593.75
601.5625
625.0
710.9375
824.21875
791.9921875
745.1171875
760.7421875
787.109375
842.7734375
837.890625
773.4375
785.15625
802.734375
824.21875
750.9765625
790.0390625
745.1171875
679.6875
671.875
632.8125
