754.8828125
790.0390625
787.109375
774.4140625
751.953125
769.53125
766.6015625
764.6484375
731.4453125
717.7734375
723.6328125
732.421875
748.046875
787.109375
791.015625
776.3671875
738.28125
736.328125
770.5078125
772.4609375
744.140625
730.46875
746.09375
787.109375
768.5546875
755.859375
755.859375
769.53125
788.0859375
771.484375
745.1171875
800.78125
790.0390625
779.296875
814.453125
827.1484375
841.796875
796.875
812.5
793.9453125
792.96875
754.8828125
775.390625
791.9921875
813.4765625
819.3359375
788.0859375
792.96875
786.1328125
791.9921875
767.578125
764.6484375
753.90625
764.6484375
752.9296875
719.7265625
794.921875
813.4765625
757.8125
746.09375
765.625
789.0625
778.3203125
765.625
763.671875
768.5546875
711.9140625
683.59375
636.71875
656.25
676.7578125
708.984375
724.609375
752.9296875
742.1875
747.0703125
743.1640625
736.328125
699.21875
770.5078125
765.625
725.5859375
764.6484375
827.1484375
817.3828125
815.4296875
785.15625
800.78125
740.234375
677.734375
734.375
785.15625
825.1953125
841.796875
798.828125
820.3125
805.6640625
790.0390625
748.046875
761.71875
726.5625
734.375
762.6953125
762.6953125
763.671875
751.953125
750.0
710.9375
710.9375
683.59375
706.0546875
742.1875
788.0859375
782.2265625
720.703125
733.3984375
735.3515625
729.4921875
748.046875
763.671875
802.734375
893.5546875
873.046875
904.296875
880.859375
814.453125
798.828125
793.9453125
815.4296875
806.640625
790.0390625
807.6171875
842.7734375
809.5703125
782.2265625
778.3203125
789.0625
786.1328125
751.953125
773.4375
780.2734375
797.8515625
780.2734375
791.9921875
791.9921875
786.1328125
768.5546875
802.734375
814.453125
791.9921875
770.5078125
783.203125
768.5546875
807.6171875
824.21875
833.0078125
753.90625
767.578125
785.15625
811.5234375
786.1328125
774.4140625
759.765625
763.671875
764.6484375
690.4296875
719.7265625
725.5859375
742.1875
741.2109375
680.6640625
673.828125
685.546875
692.3828125
705.078125
724.609375
777.34375
799.8046875
800.78125
801.7578125
791.015625
764.6484375
761.71875
744.140625
705.078125
706.0546875
713.8671875
730.46875
709.9609375
717.7734375
742.1875
748.046875
751.953125
725.5859375
684.5703125
670.8984375
631.8359375
623.046875
637.6953125
664.0625
695.3125
755.859375
722.65625
763.671875
790.0390625
779.296875
770.5078125
679.6875
668.9453125
678.7109375
710.9375
770.5078125
752.9296875
762.6953125
798.828125
840.8203125
847.65625
831.0546875
751.953125
725.5859375
716.796875
748.046875
813.4765625
825.1953125
867.1875
855.46875
805.6640625
815.4296875
827.1484375
763.671875
735.3515625
760.7421875
788.0859375
812.5
830.078125
836.9140625
766.6015625
757.8125
731.4453125
735.3515625
734.375
708.0078125
701.171875
694.3359375
693.359375
676.7578125
680.6640625
681.640625
687.5
669.921875
654.296875
608.3984375
616.2109375
624.0234375
673.828125
647.4609375
658.203125
643.5546875
671.875
700.1953125
733.3984375
820.3125
828.125
834.9609375
836.9140625
759.765625
747.0703125
742.1875
728.515625
700.1953125
707.03125
776.3671875
699.21875
751.953125
783.203125
795.8984375
793.9453125
790.0390625
809.5703125
784.1796875
790.0390625
768.5546875
779.296875
762.6953125
757.8125
727.5390625
750.0
728.515625
700.1953125
687.5
686.5234375
688.4765625
710.9375
731.4453125
699.21875
711.9140625
662.109375
671.875
688.4765625
699.21875
689.453125
656.25
629.8828125
625.9765625
639.6484375
656.25
651.3671875
639.6484375
633.7890625
643.5546875
635.7421875
698.2421875
733.3984375
746.09375
708.0078125
709.9609375
672.8515625
656.25
633.7890625
601.5625
617.1875
621.09375
629.8828125
671.875
739.2578125
765.625
759.765625
725.5859375
683.59375
656.25
597.65625
586.9140625
582.03125
587.890625
600.5859375
611.328125
693.359375
769.53125
725.5859375
729.4921875
800.78125
773.4375
720.703125
662.109375
617.1875
589.84375
574.21875
569.3359375
578.125
584.9609375
601.5625
657.2265625
674.8046875
684.5703125
680.6640625
639.6484375
593.75
580.078125
592.7734375
624.0234375
687.5
746.09375
762.6953125
768.5546875
777.34375
741.2109375
731.4453125
734.375
742.1875
693.359375
695.3125
715.8203125
714.84375
677.734375
678.7109375
707.03125
767.578125
833.984375
841.796875
843.75
813.4765625
770.5078125
771.484375
771.484375
808.59375
833.0078125
794.921875
807.6171875
806.640625
788.0859375
788.0859375
795.8984375
821.2890625
810.546875
790.0390625
778.3203125
746.09375
798.828125
774.4140625
793.9453125
792.96875
768.5546875
801.7578125
796.875
809.5703125
752.9296875
774.4140625
785.15625
761.71875
746.09375
756.8359375
709.9609375
733.3984375
748.046875
747.0703125
747.0703125
769.53125
771.484375
754.8828125
700.1953125
695.3125
702.1484375
711.9140625
711.9140625
720.703125
739.2578125
740.234375
735.3515625
755.859375
721.6796875
746.09375
768.5546875
753.90625
767.578125
712.890625
677.734375
649.4140625
618.1640625
602.5390625
597.65625
611.328125
610.3515625
607.421875
594.7265625
600.5859375
637.6953125
701.171875
766.6015625
780.2734375
804.6875
808.59375
763.671875
766.6015625
712.890625
715.8203125
740.234375
739.2578125
729.4921875
679.6875
652.34375
626.953125
645.5078125
722.65625
802.734375
776.3671875
815.4296875
780.2734375
768.5546875
764.6484375
764.6484375
743.1640625
757.8125
779.296875
765.625
702.1484375
706.0546875
713.8671875
729.4921875
710.9375
670.8984375
643.5546875
644.53125
684.5703125
698.2421875
678.7109375
699.21875
706.0546875
760.7421875
756.8359375
789.0625
828.125
810.546875
782.2265625
791.9921875
779.296875
791.015625
755.859375
745.1171875
735.3515625
727.5390625
697.265625
692.3828125
680.6640625
688.4765625
706.0546875
698.2421875
704.1015625
712.890625
750.9765625
756.8359375
745.1171875
727.5390625
677.734375
629.8828125
595.703125
603.515625
612.3046875
654.296875
723.6328125
739.2578125
782.2265625
803.7109375
811.5234375
726.5625
724.609375
712.890625
654.296875
638.671875
668.9453125
740.234375
815.4296875
803.7109375
794.921875
817.3828125
813.4765625
772.4609375
770.5078125
750.9765625
766.6015625
748.046875
792.96875
803.7109375
758.7890625
760.7421875
779.296875
775.390625
761.71875
765.625
804.6875
877.9296875
864.2578125
823.2421875
795.8984375
791.9921875
779.296875
763.671875
771.484375
730.46875
764.6484375
755.859375
749.0234375
712.890625
740.234375
745.1171875
795.8984375
792.96875
775.390625
779.296875
790.0390625
787.109375
768.5546875
757.8125
765.625
784.1796875
751.953125
769.53125
807.6171875
850.5859375
835.9375
799.8046875
789.0625
801.7578125
816.40625
757.8125
747.0703125
745.1171875
790.0390625
794.921875
786.1328125
844.7265625
805.6640625
730.46875
710.9375
705.078125
692.3828125
663.0859375
631.8359375
604.4921875
583.984375
581.0546875
577.1484375
587.890625
586.9140625
573.2421875
632.8125
605.46875
656.25
678.7109375
651.3671875
647.4609375
648.4375
639.6484375
645.5078125
657.2265625
684.5703125
691.40625
685.546875
718.75
765.625
818.359375
780.2734375
781.25
794.921875
769.53125
784.1796875
790.0390625
776.3671875
795.8984375
817.3828125
806.640625
733.3984375
647.4609375
643.5546875
708.984375
790.0390625
850.5859375
829.1015625
839.84375
860.3515625
811.5234375
805.6640625
784.1796875
806.640625
846.6796875
809.5703125
750.0
798.828125
786.1328125
745.1171875
784.1796875
823.2421875
849.609375
779.296875
761.71875
752.9296875
755.859375
718.75
714.84375
747.0703125
793.9453125
792.96875
770.5078125
787.109375
794.921875
776.3671875
711.9140625
709.9609375
707.03125
717.7734375
708.984375
701.171875
730.46875
772.4609375
788.0859375
829.1015625
837.890625
769.53125
749.0234375
763.671875
782.2265625
766.6015625
772.4609375
764.6484375
775.390625
771.484375
816.40625
818.359375
757.8125
754.8828125
762.6953125
764.6484375
724.609375
744.140625
769.53125
767.578125
766.6015625
802.734375
814.453125
757.8125
730.46875
759.765625
824.21875
771.484375
863.28125
809.5703125
814.453125
815.4296875
809.5703125
763.671875
765.625
769.53125
840.8203125
876.953125
874.0234375
811.5234375
832.03125
806.640625
731.4453125
746.09375
769.53125
784.1796875
747.0703125
708.984375
663.0859375
668.9453125
691.40625
703.125
714.84375
683.59375
634.765625
635.7421875
626.953125
622.0703125
613.28125
612.3046875
617.1875
640.625
684.5703125
687.5
751.953125
753.90625
751.953125
807.6171875
760.7421875
691.40625
696.2890625
739.2578125
849.609375
872.0703125
849.609375
846.6796875
837.890625
745.1171875
731.4453125
744.140625
767.578125
790.0390625
819.3359375
779.296875
774.4140625
784.1796875
791.9921875
768.5546875
753.90625
727.5390625
715.8203125
723.6328125
734.375
741.2109375
724.609375
759.765625
801.7578125
800.78125
742.1875
723.6328125
705.078125
719.7265625
704.1015625
721.6796875
708.0078125
729.4921875
700.1953125
711.9140625
721.6796875
744.140625
730.46875
783.203125
794.921875
787.109375
784.1796875
743.1640625
719.7265625
732.421875
767.578125
791.015625
785.15625
817.3828125
851.5625
844.7265625
762.6953125
746.09375
744.140625
737.3046875
708.0078125
695.3125
703.125
736.328125
824.21875
815.4296875
773.4375
760.7421875
712.890625
702.1484375
704.1015625
694.3359375
677.734375
667.96875
701.171875
700.1953125
687.5
692.3828125
692.3828125
698.2421875
709.9609375
735.3515625
740.234375
728.515625
700.1953125
699.21875
711.9140625
689.453125
698.2421875
724.609375
733.3984375
705.078125
684.5703125
693.359375
678.7109375
670.8984375
670.8984375
654.296875
644.53125
652.34375
641.6015625
639.6484375
630.859375
631.8359375
642.578125
633.7890625
583.0078125
562.5
558.59375
541.9921875
524.4140625
536.1328125
539.0625
526.3671875
532.2265625
527.34375
529.296875
531.25
522.4609375
529.296875
521.484375
510.7421875
506.8359375
508.7890625
508.7890625
497.0703125
494.140625
492.1875
493.1640625
492.1875
486.328125
484.375
480.46875
484.375
484.375
487.3046875
493.1640625
499.0234375
502.9296875
494.140625
494.140625
503.90625
495.1171875
498.046875
494.140625
493.1640625
487.3046875
476.5625
477.5390625
479.4921875
487.3046875
509.765625
527.34375
554.6875
571.2890625
550.78125
522.4609375
516.6015625
512.6953125
505.859375
500.9765625
500.9765625
508.7890625
527.34375
557.6171875
577.1484375
567.3828125
588.8671875
579.1015625
568.359375
564.453125
569.3359375
564.453125
613.28125
737.3046875
781.25
705.078125
602.5390625
583.0078125
564.453125
568.359375
570.3125
567.3828125
563.4765625
561.5234375
588.8671875
622.0703125
708.0078125
753.90625
716.796875
650.390625
648.4375
659.1796875
686.5234375
753.90625
796.875
711.9140625
670.8984375
655.2734375
644.53125
638.671875
629.8828125
643.5546875
683.59375
751.953125
785.15625
770.5078125
831.0546875
816.40625
805.6640625
769.53125
698.2421875
690.4296875
675.78125
639.6484375
602.5390625
604.4921875
601.5625
590.8203125
588.8671875
578.125
566.40625
583.0078125
602.5390625
638.671875
671.875
693.359375
682.6171875
