76
74
74
73
73
75
75
75
75
74
73
73
73
72
73
73
72
72
71
70
70
70
70
70
69
68
68
68
68
69
70
71
71
72
73
73
73
73
73
73
74
74
75
75
74
74
74
74
75
75
75
75
75
75
75
75
75
75
75
75
75
75
76
76
75
73
73
73
73
73
72
72
72
72
71
72
71
70
70
70
69
69
70
70
70
70
70
71
71
72
72
71
71
71
72
73
73
73
73
73
72
72
72
73
73
73
74
74
73
73
73
73
73
73
74
75
75
77
77
77
77
76
75
76
75
75
75
75
75
75
75
76
76
76
76
76
76
75
75
75
76
76
77
77
77
77
77
76
77
77
77
77
78
78
78
78
78
77
77
77
76
76
75
75
75
76
78
78
78
78
79
78
78
78
79
79
79
79
81
81
82
82
82
82
82
81
80
80
79
78
78
77
77
77
75
75
75
75
75
74
75
75
75
74
73
72
72
72
72
73
74
74
73
73
73
72
73
73
73
74
74
75
75
74
73
73
73
73
74
74
74
76
79
79
80
80
82
82
82
84
84
87
87
88
92
92
93
94
94
94
95
95
95
94
94
94
91
89
86
84
82
82
82
82
82
82
80
79
78
78
80
80
80
80
80
81
82
83
83
84
