895.5078125
859.375
839.84375
867.1875
858.3984375
775.390625
728.515625
691.40625
753.90625
876.953125
845.703125
840.8203125
871.09375
878.90625
769.53125
793.9453125
865.234375
958.984375
937.5
858.3984375
866.2109375
870.1171875
863.28125
864.2578125
907.2265625
940.4296875
863.28125
860.3515625
795.8984375
808.59375
791.015625
780.2734375
749.0234375
838.8671875
834.9609375
812.5
833.0078125
782.2265625
795.8984375
797.8515625
772.4609375
773.4375
811.5234375
795.8984375
827.1484375
818.359375
806.640625
767.578125
802.734375
815.4296875
771.484375
802.734375
791.015625
791.9921875
780.2734375
824.21875
826.171875
772.4609375
793.9453125
797.8515625
794.921875
760.7421875
779.296875
845.703125
921.875
909.1796875
788.0859375
819.3359375
833.0078125
882.8125
798.828125
859.375
878.90625
866.2109375
835.9375
898.4375
891.6015625
822.265625
855.46875
916.015625
860.3515625
902.34375
801.7578125
843.75
850.5859375
884.765625
785.15625
807.6171875
851.5625
816.40625
798.828125
855.46875
883.7890625
830.078125
764.6484375
781.25
789.0625
817.3828125
790.0390625
830.078125
878.90625
893.5546875
829.1015625
762.6953125
788.0859375
797.8515625
816.40625
784.1796875
791.9921875
869.140625
873.046875
800.78125
801.7578125
823.2421875
805.6640625
738.28125
713.8671875
683.59375
679.6875
756.8359375
775.390625
798.828125
839.84375
853.515625
783.203125
798.828125
807.6171875
822.265625
797.8515625
769.53125
811.5234375
816.40625
800.78125
741.2109375
772.4609375
781.25
805.6640625
759.765625
784.1796875
829.1015625
843.75
809.5703125
752.9296875
759.765625
767.578125
761.71875
777.34375
753.90625
795.8984375
797.8515625
780.2734375
776.3671875
770.5078125
780.2734375
742.1875
757.8125
767.578125
780.2734375
757.8125
782.2265625
827.1484375
804.6875
865.234375
827.1484375
826.171875
808.59375
773.4375
710.9375
705.078125
738.28125
779.296875
756.8359375
726.5625
760.7421875
791.015625
766.6015625
739.2578125
721.6796875
782.2265625
760.7421875
714.84375
666.9921875
669.921875
698.2421875
734.375
763.671875
738.28125
763.671875
772.4609375
786.1328125
809.5703125
836.9140625
822.265625
777.34375
795.8984375
821.2890625
835.9375
840.8203125
794.921875
808.59375
824.21875
833.984375
786.1328125
791.9921875
821.2890625
871.09375
875.9765625
909.1796875
858.3984375
793.9453125
820.3125
806.640625
769.53125
780.2734375
833.0078125
867.1875
861.328125
855.46875
833.0078125
761.71875
790.0390625
791.015625
815.4296875
757.8125
781.25
852.5390625
889.6484375
849.609375
855.46875
807.6171875
793.9453125
728.515625
684.5703125
677.734375
681.640625
674.8046875
674.8046875
708.0078125
718.75
685.546875
684.5703125
694.3359375
685.546875
669.921875
647.4609375
608.3984375
602.5390625
589.84375
593.75
601.5625
612.3046875
622.0703125
624.0234375
606.4453125
616.2109375
608.3984375
642.578125
709.9609375
775.390625
779.296875
815.4296875
852.5390625
843.75
839.84375
834.9609375
813.4765625
715.8203125
698.2421875
781.25
741.2109375
786.1328125
820.3125
813.4765625
773.4375
787.109375
697.265625
706.0546875
750.0
745.1171875
735.3515625
732.421875
669.921875
676.7578125
675.78125
685.546875
